0 cwh 60.45% 20.34% 6.21% 2.26% 1.69% 9.04%
0 gyz 73.33% 13.33% 3.64% 3.64% 1.82% 4.24%
0 ljs 60.94% 16.67% 7.29% 2.6% 2.08% 10.42%
0 lmm 65.36% 16.76% 7.26% 5.59% 4.47% 0.56%
0 lq 67.96% 14.36% 3.87% 6.63% 1.66% 5.52%
0 lry 62.3% 18.03% 6.56% 2.73% 1.64% 8.74%
0 lsm 65.96% 10.11% 6.38% 3.19% 3.19% 11.17%
0 lw 61.14% 18.13% 7.77% 8.29% 1.55% 3.11%
0 lzp 63.37% 12.21% 8.14% 4.07% 2.33% 9.88%
0 syt 73.94% 11.52% 6.67% 3.03% 1.82% 3.03%
0 xcy 58.86% 13.71% 10.29% 6.29% 4.57% 6.29%
0 xjj 57.73% 17.01% 7.73% 4.12% 3.09% 10.31%
0 xt 69.01% 12.87% 4.68% 7.02% 5.26% 1.17%
0 zwx 55.26% 20.53% 8.95% 4.21% 1.58% 9.47%
0 zzy 65.36% 17.32% 8.38% 3.35% 3.35% 2.23%
1 cwh 64.63% 15.85% 4.88% 4.88% 5.49% 4.27%
1 gyz 71.51% 9.5% 1.12% 4.47% 0.56% 12.85%
1 ljs 66.46% 17.39% 10.56% 3.11% 2.48% 0.0%
1 lmm 58.3% 15.74% 11.49% 6.81% 3.83% 3.83%
1 lq 82.51% 7.1% 4.37% 2.73% 0.55% 2.73%
1 lry 64.8% 12.85% 7.26% 5.59% 3.35% 6.15%
1 lsm 78.19% 9.04% 2.66% 4.79% 1.6% 3.72%
1 lw 66.49% 18.38% 5.41% 2.16% 1.08% 6.49%
1 lzp 67.63% 15.61% 4.05% 6.94% 1.16% 4.62%
1 syt 74.72% 8.43% 4.49% 2.25% 1.12% 8.99%
1 xcy 48.86% 15.34% 7.95% 6.82% 3.98% 17.05%
1 xjj 55.44% 16.06% 7.77% 4.66% 3.63% 12.44%
1 xt 58.92% 18.38% 9.73% 5.41% 3.24% 4.32%
1 zwx 63.3% 14.36% 9.57% 4.26% 4.79% 3.72%
1 zzy 54.24% 19.21% 8.47% 6.21% 4.52% 7.34%
2 cwh 71.34% 15.24% 7.32% 2.44% 1.83% 1.83%
2 gyz 73.86% 10.23% 3.98% 2.84% 2.27% 6.82%
2 ljs 71.95% 13.41% 6.71% 4.88% 3.05% 0.0%
2 lmm 63.27% 15.31% 11.22% 4.59% 2.55% 3.06%
2 lq 73.96% 10.65% 7.69% 3.55% 4.14% 0.0%
2 lry 55.37% 15.25% 7.91% 5.65% 3.39% 12.43%
2 lsm 72.38% 13.26% 2.21% 1.1% 1.1% 9.94%
2 lw 73.81% 12.5% 5.95% 2.98% 0.6% 4.17%
2 lzp 64.53% 12.79% 8.14% 4.65% 2.33% 7.56%
2 syt 68.71% 9.2% 6.13% 4.91% 1.84% 9.2%
2 xcy 60.59% 18.82% 4.71% 3.53% 2.35% 10.0%
2 xjj 60.11% 19.15% 7.45% 5.85% 2.66% 4.79%
2 xt 64.8% 21.23% 7.26% 3.91% 1.68% 1.12%
2 zwx 73.63% 12.64% 7.69% 2.75% 1.1% 2.2%
2 zzy 54.71% 17.06% 12.35% 5.88% 5.88% 4.12%
3 cwh 73.68% 11.11% 5.26% 4.09% 4.09% 1.75%
3 gyz 72.63% 8.42% 2.11% 1.58% 0.53% 14.74%
3 ljs 76.65% 13.77% 4.79% 2.4% 2.4% 0.0%
3 lmm 70.0% 8.89% 9.44% 5.0% 2.78% 3.89%
3 lq 66.85% 16.29% 8.99% 3.93% 2.81% 1.12%
3 lry 63.07% 15.34% 5.11% 6.25% 4.55% 5.68%
3 lsm 82.56% 8.72% 2.33% 2.33% 0.58% 3.49%
3 lw 72.25% 9.25% 4.62% 4.05% 1.73% 8.09%
3 lzp 65.29% 18.24% 7.65% 4.71% 2.94% 1.18%
3 syt 75.29% 15.52% 4.02% 2.87% 0.57% 1.72%
3 xcy 56.68% 20.86% 8.56% 1.6% 3.74% 8.56%
3 xjj 48.5% 14.59% 5.15% 6.87% 2.58% 22.32%
3 xt 65.22% 19.25% 7.45% 4.97% 3.11% 0.0%
3 zwx 68.21% 16.18% 7.51% 2.31% 2.89% 2.89%
3 zzy 56.25% 18.18% 11.36% 9.09% 3.41% 1.7%
4 cwh 72.78% 8.28% 9.47% 3.55% 1.78% 4.14%
4 gyz 63.13% 15.21% 3.69% 4.15% 0.92% 12.9%
4 ljs 71.51% 15.12% 6.4% 3.49% 2.91% 0.58%
4 lmm 56.28% 16.58% 10.05% 5.03% 6.53% 5.53%
4 lq 68.42% 17.54% 6.43% 4.68% 2.34% 0.58%
4 lry 67.05% 14.77% 5.11% 6.25% 2.84% 3.98%
4 lsm 80.35% 10.98% 2.31% 2.89% 0.58% 2.89%
4 lw 69.83% 13.41% 7.26% 3.35% 2.23% 3.91%
4 lzp 66.86% 13.61% 7.1% 8.28% 2.37% 1.78%
4 syt 68.39% 16.09% 10.34% 0.57% 1.15% 3.45%
4 xcy 69.27% 15.08% 6.7% 4.47% 0.56% 3.91%
4 xjj 40.0% 12.16% 7.84% 3.92% 2.35% 33.73%
4 xt 65.06% 16.87% 10.24% 4.22% 2.41% 1.2%
4 zwx 69.66% 15.17% 6.74% 3.37% 0.56% 4.49%
4 zzy 62.35% 23.46% 4.94% 3.7% 4.32% 1.23%
